teta_max= 1.45000000000000E+0002phi_max= 3.29999999999998E+0002
t_m_max= 1.01575440180000E+0002p_m_max= 1.49999796384778E+0002
dn_max= 2.92498321545609E-0004
