teta_max= 1.44928258607079E+0002 phi_max= 3.29999666026239E+0002
t_m_max= 1.02000000000000E+0002 p_m_max= 1.50000000000000E+0002
dn_max= 2.92490623782736E+0002
